.Random.seed <-
c(403L, 10L, 1158205964L, -1970228657L, -394584315L, 895571900L, 
-1295134062L, 240327053L, 1501184455L, 241050286L, 259582728L, 
-1788061429L, 1535600617L, -332283720L, 892299110L, -423443455L, 
1614426771L, 992531778L, -590005516L, -1560623369L, 1757972205L, 
1819791748L, 1670569898L, 258434325L, -1832972369L, -26050634L, 
-912382496L, -755172061L, -1489333695L, -1597489872L, 1690523470L, 
1013202361L, -1091936309L, -1590651782L, -1879308932L, -1389191745L, 
-1516184939L, -1935570772L, 1795281538L, -771204515L, 1345785175L, 
-924815298L, 66929784L, 1729023835L, -313951559L, -109930744L, 
344796598L, -381963535L, 1277277475L, 397209458L, 177110468L, 
-1704737401L, -175241379L, 1874921812L, 247466874L, 423242437L, 
-1675035617L, 1496239014L, 1597721904L, 318238675L, -1704305167L, 
-584930528L, -855669314L, -668631607L, 1039294843L, 1667180362L, 
154007468L, -1764376913L, -1849475995L, -2118063076L, -608238990L, 
888091885L, -1744065241L, 555145550L, -283526744L, 87391659L, 
-437348663L, 1744555736L, 932320134L, -451066271L, -788201485L, 
1470689890L, -947534636L, -2010798633L, -630206515L, -598471836L, 
-28684470L, 912807605L, -1196700145L, 750690070L, -1650112064L, 
-208086653L, -554672223L, 1149800336L, 1516434542L, 1127252505L, 
1112328875L, -560755046L, -147125668L, -523856033L, 449030453L, 
-158234420L, -206212574L, 2050976893L, -921528969L, 1336335006L, 
585791832L, 1083326651L, 903773785L, 1302154728L, 680826902L, 
-924933231L, 1980927043L, 2044257106L, 820340708L, -1029335513L, 
-1492849027L, 1785581428L, -911039654L, -2047650395L, -480259649L, 
1814698566L, 145995984L, -195341581L, -1934490607L, -1375563200L, 
1859388958L, 760893673L, -869174757L, -1932619222L, -1882065588L, 
-904767729L, 938334789L, -1138897924L, -919809454L, 1992077261L, 
-396383865L, -636543890L, -102718392L, -780304821L, 389903273L, 
-639681800L, 335842854L, -665655487L, -996168493L, -2092420990L, 
873664180L, -686478793L, -1375260371L, -349863356L, -964026518L, 
1093462997L, 477195631L, -511174538L, 1882665888L, 8021091L, 
1349611777L, 892877936L, -41715698L, 614631545L, 760186891L, 
1171056954L, -1782777796L, -1949814913L, -745397035L, -497813268L, 
-1971506622L, -755395171L, -646639593L, -231438978L, 1571068728L, 
-2014911461L, 705576313L, -595244088L, -409020426L, -1192920527L, 
-1690768285L, -1181854670L, -502599292L, -1944897593L, -1642612067L, 
-1529214444L, 1119938746L, 1957311749L, -1721295137L, 1547707238L, 
768525040L, -1822137837L, -201045071L, 1939273312L, 205960190L, 
531573641L, -1295926085L, -383600502L, -501814420L, -928542481L, 
1640184613L, -208493092L, 584500146L, 1044523693L, -847609241L, 
49914254L, 461530728L, -1798090133L, -1422513143L, -1699917160L, 
1017537990L, -872405727L, -560446029L, 1037324578L, -1388893420L, 
-134753385L, -1904059507L, -1428117852L, 2122991754L, -315969803L, 
-1631866545L, 718667350L, 1807181056L, 1584316483L, -1300171807L, 
-930559152L, 414948782L, -1484360871L, 353417579L, 1476157658L, 
153127324L, 1115297183L, -1418205195L, 376798036L, 1963594216L, 
-1995166982L, -1918707888L, -1550425044L, -1842522764L, 1044782738L, 
-1932379552L, 1655444108L, 836725600L, 754463458L, 1214961832L, 
827281612L, 1681932796L, 1740373938L, -983788048L, -75846204L, 
1921775448L, 1804032890L, -1481409104L, 608453052L, -594124716L, 
-1082985534L, 1196122912L, -263317572L, 458666576L, -32215582L, 
1954574696L, 44551500L, -1861230340L, -752860430L, 867593984L, 
-1986822540L, 2142683144L, -1326435910L, 1296404432L, 428083692L, 
398698388L, 273830610L, 1197801056L, 1744921932L, -640924384L, 
-238638462L, 479042024L, 834748396L, 2097169980L, 1018513010L, 
-1537823888L, 1700047140L, 1082171960L, -1062872678L, -1678689840L, 
1541334460L, -359016300L, -1136855934L, -47077952L, 1578961724L, 
-1463817072L, -1377756382L, 1473869320L, -2004638452L, 1156380060L, 
433171986L, -339084416L, 440587028L, 373862696L, -952564678L, 
189967312L, -1828169108L, -812740044L, -499066222L, -2094635680L, 
-1100637876L, -1295505440L, -1484491358L, -1099106904L, 1059608204L, 
195116476L, -2078486926L, -1631292432L, -276025788L, 1783050328L, 
-950355910L, 1468211312L, -309405636L, -1997233900L, -126426430L, 
-326736160L, -181503876L, 1344878288L, -785876574L, -1920489432L, 
1246300940L, -1263711812L, 574575410L, 1936521920L, -1261196236L, 
1642507976L, 712291514L, 53008016L, -240558356L, -1466725804L, 
-924306798L, -292914912L, 2141880780L, -341810464L, 822276290L, 
-1293751256L, 1120032684L, 1310513852L, 2105871346L, -516098512L, 
72204196L, 1306348984L, -1078180006L, -419950448L, -1254016132L, 
1493901588L, -479545022L, -1087094528L, 559500732L, 1482350928L, 
-61630174L, 30628424L, 1593061388L, -691087780L, -797701678L, 
1936750080L, -660998828L, 534490344L, 624836858L, 1209591504L, 
-338916564L, -2080042764L, -1574872686L, 183237984L, -36303860L, 
115473632L, 848142946L, 1004389544L, 264846412L, 1768626044L, 
-1274980046L, 770232944L, 1144034116L, 2003252184L, -989445254L, 
1197525040L, -1721897028L, -1076305324L, 140103746L, 1273458336L, 
84320956L, -145142832L, 520281442L, -2013946136L, -1668825908L, 
-834973188L, 980090354L, -114146176L, -683292172L, 1746705032L, 
-2146858182L, 1892765008L, -816649108L, 2017093012L, -1785642926L, 
269549024L, 753775820L, 1089184L, 1723699586L, 1026078952L, -481019156L, 
810149180L, -1115516814L, 389403248L, -1997747676L, 304044088L, 
-481531622L, 1646232784L, 593316156L, -1604934764L, -509331582L, 
-2081010752L, 1569048124L, 175235472L, -228714462L, -1430772472L, 
2042828940L, -1751740644L, -463588206L, 1341724032L, -796995564L, 
844863272L, 1318610490L, 127480272L, 1004566892L, -731614284L, 
-2058597870L, -1083152416L, 518449612L, 1907210464L, -1400435678L, 
1141248808L, 509352460L, 802620220L, -1997643790L, -218778896L, 
-966026684L, 829714008L, -778987718L, 52375536L, 1140515516L, 
573642004L, -290775870L, -261788576L, 479475068L, -977285168L, 
-454991582L, 584652456L, 250967948L, 934933692L, 1932462898L, 
-1046641088L, 237081780L, -587873208L, -483834438L, -1423362104L, 
1344994918L, 1191481491L, -1944023051L, 1444448722L, -983985632L, 
-1699197943L, -962129605L, -2050558836L, 1003946266L, -714082417L, 
1714882777L, -1654569106L, 1236451068L, -549815187L, -1071003625L, 
1356198368L, 1995898302L, -837123189L, -441568243L, -895265734L, 
-953150344L, 707199009L, 1629358803L, 469535220L, 425341570L, 
541265687L, 1662092769L, -1501840602L, -1994377692L, 1765339349L, 
356978815L, 1656767768L, 2058140726L, 54141635L, 244748037L, 
-2024029534L, 1671852176L, -249135047L, 1773089003L, -1875533348L, 
-1167267830L, 894555903L, 1047529289L, -1408320290L, 1477796492L, 
-1933138339L, -275108761L, -521715312L, 493773230L, 1109021787L, 
-419052483L, -1109980502L, -1889945784L, 362281841L, -1104118557L, 
-1632562204L, -1512733934L, 563039975L, 1442527409L, 1404730102L, 
2005703956L, -1294761435L, -1835659473L, -960974616L, 1023922630L, 
156958835L, 1801874133L, 856701106L, -793957248L, 72003689L, 
-1213764389L, 1172529196L, -576233414L, 1410359023L, -1868729991L, 
-1526325746L, 848175068L, 1288247373L, -1381942345L, 596239680L, 
750183454L, 904299243L, 589359725L, 906967770L, -1683365224L, 
550985985L, -1280014669L, 491917780L, 1933410530L, 321436023L, 
-1896126271L, -220531642L, -279733372L, -691745483L, 547027743L, 
372100728L, 1041052502L, -1758447133L, 781930405L, 2020576834L, 
-133565392L, 1936115801L, -269834805L, -2079201732L, -394241942L, 
-161766753L, -1602785495L, -1481960514L, 1185948332L, -1750675459L, 
-2101913785L, -230729680L, 527397198L, 1685961083L, -439501091L, 
1449850634L, 1097059880L, 889951889L, -1400881533L, -908640380L, 
1542305202L, 995842823L, 2130579793L, -388831018L, -575027788L, 
1194918341L, 59756815L, 517132168L, 515940006L, -1969893805L, 
21196725L, 1600658706L, -1280112928L, 1227578185L, 735884667L, 
349675596L, 1287551450L, -956386353L, 1870159257L, -1672108626L, 
1318171324L, 250123053L, 1147355351L, -1327118048L, 1564266110L, 
155154507L, 265708109L, 1799258234L, -1592291144L, -1229954463L, 
